1332
1333
1377
1379
1605
1721
1801
1802
1803
1808
1812
1820
1833
1860
1878
1911
1925
1928
1942
1944
1959
1963
1969
2002
2127
2181
2212
2267
2269
2282
2296
2327
2331
2413
2432
2433
2501
2502
2503
2593
2670
2768
2801
2802
2809
2810
285A
2871
2897
2914
3003
3038
3064
3086
3092
3099
3101
3231
3288
3289
3291
3382
3401
3402
3405
3407
3436
3591
3626
3635
3659
3697
3769
3861
3863
3880
3941
4004
4005
4021
4042
4043
4061
4062
4063
4091
4114
4118
4151
4182
4183
4186
4188
4202
4204
4208
4307
4324
4385
4452
4502
4503
4506
4507
4519
4523
4543
4544
4568
4578
4612
4631
4661
4684
4689
4704
4732
4733
4751
4755
4768
4901
4902
4911
4912
5019
5020
5076
5101
5108
5110
5201
5214
5233
5301
5332
5333
5334
5344
5401
5406
5411
543A
5463
5631
5703
5706
5711
5713
5714
5801
5802
5803
5831
5901
5929
5938
5947
6098
6103
6113
6146
6178
6273
6301
6302
6305
6326
6361
6367
6370
6371
6383
6412
6436
6448
6460
6471
6472
6473
6479
6501
6503
6504
6506
6526
6532
6645
6701
6702
6723
6724
6752
6753
6758
6762
6770
6841
6857
6861
6902
6920
6954
6963
6971
6976
6981
6988
7004
7011
7012
7013
7167
7182
7186
7201
7202
7203
7211
7224
7261
7267
7269
7270
7272
7309
7453
7532
7550
7701
7731
7733
7735
7741
7751
7752
7832
7911
7912
7936
7951
7956
7966
7974
7981
7984
7994
8001
8002
8015
8031
8035
8053
8056
8058
8088
8113
8136
8227
8233
8242
8252
8253
8267
8273
8304
8306
8308
8309
8316
8331
8354
8411
8473
8570
8591
8593
8601
8604
8630
8697
8725
8750
8766
8795
8801
8802
8804
8830
9001
9005
9007
9008
9009
9020
9021
9022
9041
9042
9064
9065
9075
9076
9101
9104
9107
9143
9147
9201
9202
9301
9302
9303
9364
9432
9433
9434
9501
9502
9503
9506
9508
9531
9532
9602
9684
9697
9715
9735
9766
9831
9843
9983
9984
9987
9989
